MAE: 112.86944250657177
RMSE: 248.95243452280585
Median Error: 36.54245711800942
R2: 0.005141767035400591
